10
19
4.34513 0.0323146
6.21823 0.408643
7.19269 1.13281
7.12087 1.82556
7.40438 2.02213
8.33243 2.33892
7.30729 3.28374
6.75476 4.8295
6.73936 6.3764
6.09106 6.27158
4.71483 5.9254
4.13984 6.95984
3.44943 5.98481
2.80042 5.46107
3.36351 8.47684
5.10686 9.71466
4.81936 3.04956
3.47116 1.84622
9.44318 4.50918
2
2.57265 5.32441
6.84757 6.5313
18
1.11276 3.61601
1.88201 4.36497
1.21143 6.85786
2.60497 8.77384
2.97288 9.04932
3.83832 7.74273
5.76691 5.93211
7.64871 6.99075
7.93657 5.48042
8.27391 3.31479
7.75767 2.88379
6.66557 2.88778
6.86125 0.937402
8.61917 2.03548
9.84363 0.0357857
3.29642 1.89751
9.43051 9.16273
9.58637 9.1893
16
1.21259 1.38238
2.91053 1.80421
3.60443 3.24807
4.92399 4.63662
2.21966 4.98525
1.39058 6.03109
2.73911 8.64579
4.92422 8.38134
6.22095 8.36828
6.84178 7.2755
8.18128 4.96074
8.48942 4.95977
8.73979 4.98144
7.24252 1.78208
5.762 1.62757
9.31895 9.08485
8
1.5123 0.72545
3.31386 0.911486
3.63598 2.8827
5.8357 2.65461
6.08883 2.58906
3.94327 6.58831
4.27328 9.34495
1.07848 6.47207
5
2.07844 5.57561
1.57272 8.83037
4.26199 8.29939
6.25665 5.17715
7.61778 4.87427
10
2.93678 1.14668
4.10788 0.0540855
2.44327 3.26013
0.491625 4.49105
7.2936 6.38654
7.83282 7.74386
8.65535 7.21006
9.86467 7.07909
9.84845 3.38243
8.9756 1.36075
1
4.73894 8.65181
13
0.515083 0.534223
0.995593 3.82896
1.19111 5.89637
3.01763 6.5712
4.57716 7.80868
3.04285 8.88723
6.18925 5.96196
6.09729 5.25747
5.78635 5.29899
6.92076 4.4256
5.95045 3.61917
4.76585 1.6982
8.09095 1.31702
10
0.363274 2.57469
1.6965 4.81733
2.90829 3.57193
2.25491 8.26769
0.988374 9.23728
7.78257 6.25964
8.14909 6.59146
8.78278 3.44251
8.36104 3.08157
8.29808 0.700902
