9
2
4.00229 8.91529
5.26745 7.69914
4
0.860558 1.92214
3.52458 8.07725
9.49327 5.25995
9.19026 0.697553
3
0.48893 0.641713
0.630958 2.3828
0.20023 4.57702
9
0.392803 4.37638
0.70634 9.02208
6.67724 5.31606
7.60249 5.12535
7.38534 6.39979
5.3976 3.75207
7.20952 2.84293
8.5092 2.66666
9.31835 9.3081
3
1.65974 4.40105
0.54049 6.87861
8.80075 8.29201
3
0.30337 2.28968
6.8667 9.56468
11 3.5036
5
0.8864 6.57304
8.14767 6.84219
9.10972 4.82491
8.58676 4.3956
9.2397 3.98437
2
0.15825 9.50252
9.20128 1.4766
8
2.26107 1.87533
4.16501 1.69607
3.07458 4.47034
2.76235 5.56444
4.31953 6.19596
0.81062 6.41081
2.81059 12
9.06804 1.03171
